1 02 04 09
2 02 07 09
3 02 11 09
4 02 14 09
5 02 18 09
6 02 21 09
7 02 25 09
8 02 28 09
9 03 04 09
10 03 07 09
11 03 11 09
12 03 14 09
13 03 18 09
14 03 21 09
15 03 25 09
16 03 28 09
17 04 01 09
18 04 04 09
19 04 08 09
20 04 11 09
21 04 15 09
22 04 18 09
23 04 22 09
24 04 25 09
25 04 29 09
26 05 02 09
27 05 06 09
28 05 09 09
29 05 13 09
30 05 16 09
31 05 20 09
32 05 23 09
33 05 27 09
34 05 30 09
35 06 03 09
36 06 06 09
37 06 10 09
38 06 13 09
39 06 17 09
40 06 20 09
41 06 24 09
42 06 27 09
43 07 01 09
44 07 04 09
45 07 08 09
46 07 11 09
47 07 15 09
48 07 18 09
49 07 22 09
50 07 25 09
51 07 29 09
52 08 01 09
53 08 05 09
54 08 08 09
55 08 12 09
56 08 15 09
57 08 19 09
58 08 22 09
59 08 26 09
60 08 29 09
61 09 02 09
62 09 05 09
63 09 09 09
64 09 12 09
65 09 16 09
66 09 19 09
67 09 23 09
68 09 26 09
69 09 30 09
70 10 03 09
71 10 07 09
72 10 10 09
73 10 14 09
74 10 17 09
75 10 21 09
76 10 24 09
77 10 28 09
78 10 31 09
79 11 04 09
80 11 07 09
81 11 11 09
82 11 14 09
83 11 18 09
84 11 21 09
85 11 25 09
86 11 28 09
87 12 02 09
88 12 05 09
89 12 09 09
90 12 12 09
91 12 16 09
92 12 19 09
93 12 23 09
94 12 26 09
95 12 30 09
96 01 02 10
97 01 06 10
98 01 09 10
99 01 13 10
100 01 16 10
101 01 20 10
102 01 23 10
103 01 27 10
104 01 30 10
105 02 03 10
106 02 06 10
107 02 10 10
108 02 13 10
109 02 17 10
110 02 20 10
111 02 24 10
112 02 27 10
113 03 03 10
114 03 06 10
115 03 10 10
116 03 13 10
117 03 17 10
118 03 20 10
119 03 24 10
120 03 27 10
121 03 31 10
122 04 03 10
123 04 07 10
124 04 10 10
125 04 14 10
126 04 17 10
127 04 21 10
128 04 24 10
129 04 28 10
130 05 01 10
131 05 05 10
132 05 08 10
133 05 12 10
134 05 15 10
135 05 19 10
136 05 22 10
137 05 26 10
138 05 29 10
139 06 02 10
140 06 05 10
141 06 09 10
142 06 12 10
143 06 16 10
144 06 19 10
145 06 23 10
146 06 26 10
147 06 30 10
148 07 03 10
149 07 07 10
150 07 10 10
151 07 14 10
152 07 17 10
153 07 21 10
154 07 24 10
155 07 28 10
156 07 31 10
157 08 04 10
158 08 07 10
159 08 11 10
160 08 14 10
161 08 18 10
162 08 21 10
163 08 25 10
164 08 28 10
165 09 01 10
166 09 04 10
167 09 08 10
168 09 11 10
169 09 15 10
170 09 18 10
171 09 22 10
172 09 25 10
173 09 29 10
174 10 02 10
175 10 06 10
176 10 09 10
177 10 13 10
178 10 16 10
179 10 20 10
180 10 23 10
181 10 27 10
182 10 30 10
183 11 03 10
184 11 06 10
185 11 10 10
186 11 13 10
187 11 17 10
188 11 20 10
189 11 24 10
190 11 27 10
191 12 01 10
192 12 04 10
193 12 08 10
194 12 11 10
195 12 15 10
196 12 18 10
197 12 22 10
198 12 25 10
199 12 29 10
200 01 01 11
201 01 05 11
202 01 08 11
203 01 12 11
204 01 15 11
205 01 19 11
206 01 22 11
207 01 26 11
208 01 29 11
209 02 02 11
210 02 05 11
211 02 09 11
212 02 12 11
213 02 16 11
214 02 19 11
215 02 23 11
216 02 26 11
217 03 02 11
218 03 05 11
219 03 09 11
220 03 12 11
221 03 16 11
222 03 19 11
223 03 23 11
224 03 26 11
225 03 30 11
226 04 02 11
227 04 06 11
228 04 09 11
229 04 13 11
230 04 16 11
231 04 20 11
232 04 23 11
233 04 27 11
234 04 30 11
235 05 04 11
236 05 07 11
237 05 11 11
238 05 14 11
239 05 18 11
240 05 21 11
241 05 25 11
242 05 28 11
243 06 01 11
244 06 04 11
245 06 08 11
246 06 11 11
247 06 15 11
248 06 18 11
249 06 22 11
250 06 25 11
251 06 29 11
252 07 02 11
253 07 06 11
254 07 09 11
255 07 13 11
256 07 16 11
257 07 20 11
258 07 23 11
259 07 27 11
260 07 30 11
261 08 03 11
262 08 06 11
263 08 10 11
264 08 13 11
265 08 17 11
266 08 20 11
267 08 24 11
268 08 27 11
269 08 31 11
270 09 03 11
271 09 07 11
272 09 10 11
273 09 14 11
274 09 17 11
275 09 21 11
276 09 24 11
277 09 28 11
278 10 01 11
279 10 05 11
280 10 08 11
281 10 12 11
282 10 15 11
283 10 19 11
284 10 22 11
285 10 26 11
286 10 29 11
287 11 02 11
288 11 05 11
289 11 09 11
290 11 12 11
291 11 16 11
292 11 19 11
293 11 23 11
294 11 26 11
295 11 30 11
296 12 03 11
297 12 07 11
298 12 10 11
299 12 14 11
300 12 17 11
301 12 21 11
302 12 24 11
303 12 28 11
304 12 31 11
305 01 04 12
306 01 07 12
307 01 11 12
308 01 14 12
309 01 18 12
310 01 21 12
311 01 25 12
312 01 28 12
313 02 01 12
314 02 04 12
315 02 08 12
316 02 11 12
317 02 15 12
318 02 18 12
319 02 22 12
320 02 25 12
321 02 29 12
322 03 03 12
323 03 07 12
324 03 10 12
325 03 14 12
326 03 17 12
327 03 21 12
328 03 24 12
329 03 28 12
330 03 31 12
331 04 04 12
332 04 07 12
333 04 11 12
334 04 14 12
335 04 18 12
336 04 21 12
337 04 25 12
338 04 28 12
339 05 02 12
340 05 05 12
341 05 09 12
342 05 12 12
343 05 16 12
344 05 19 12
345 05 23 12
346 05 26 12
347 05 30 12
348 06 02 12
349 06 06 12
350 06 09 12
351 06 13 12
352 06 16 12
353 06 20 12
354 06 23 12
355 06 27 12
356 06 30 12
357 07 04 12
358 07 07 12
359 07 11 12
360 07 14 12
361 07 18 12
362 07 21 12
363 07 25 12
364 07 28 12
365 08 01 12
366 08 04 12
367 08 08 12
368 08 11 12
369 08 15 12
370 08 18 12
371 08 22 12
372 08 25 12
373 08 29 12
374 09 01 12
375 09 05 12
376 09 08 12
377 09 12 12
378 09 15 12
379 09 19 12
380 09 22 12
381 09 26 12
382 09 29 12
383 10 03 12
384 10 06 12
385 10 10 12
386 10 13 12
387 10 17 12
388 10 20 12
389 10 24 12
390 10 27 12
391 10 31 12
392 11 03 12
393 11 07 12
394 11 10 12
395 11 14 12
396 11 17 12
397 11 21 12
398 11 24 12
399 11 28 12
400 12 01 12
401 12 05 12
402 12 08 12
403 12 12 12
404 12 15 12
405 12 19 12
406 12 22 12
407 12 26 12
408 12 29 12
409 01 02 13
410 01 05 13
411 01 09 13
412 01 12 13
413 01 16 13
414 01 19 13
415 01 23 13
416 01 26 13
417 01 30 13
418 02 02 13
419 02 06 13
420 02 09 13
421 02 13 13
422 02 16 13
423 02 20 13
424 02 23 13
425 02 27 13
426 03 02 13
427 03 06 13
428 03 09 13
429 03 13 13
430 03 16 13
431 03 20 13
432 03 23 13
433 03 27 13
434 03 30 13
435 04 03 13
436 04 06 13
437 04 10 13
438 04 13 13
439 04 17 13
440 04 20 13
441 04 24 13
442 04 27 13
443 05 01 13
444 05 04 13
445 05 08 13
446 05 11 13
447 05 15 13
448 05 18 13
449 05 22 13
450 05 25 13
451 05 29 13
452 06 01 13
453 06 05 13
454 06 08 13
455 06 12 13
456 06 15 13
457 06 19 13
458 06 22 13
459 06 26 13
460 06 29 13
461 07 03 13
462 07 06 13
463 07 10 13
464 07 13 13
465 07 17 13
466 07 20 13
467 07 24 13
468 07 27 13
469 07 31 13
470 08 03 13
471 08 07 13
472 08 10 13
473 08 14 13
474 08 17 13
475 08 21 13
476 08 24 13
477 08 28 13
478 08 31 13
479 09 04 13
480 09 07 13
481 09 11 13
482 09 14 13
483 09 18 13
484 09 21 13
485 09 25 13
486 09 28 13
487 10 02 13
488 10 05 13
489 10 09 13
490 10 12 13
491 10 16 13
492 10 19 13
493 10 23 13
494 10 26 13
495 10 30 13
496 11 02 13
497 11 06 13
498 11 09 13
499 11 13 13
500 11 16 13
501 11 20 13
502 11 23 13
503 11 27 13
504 11 30 13
505 12 04 13
506 12 07 13
507 12 11 13
508 12 14 13
509 12 18 13
510 12 21 13
511 12 25 13
512 12 28 13
513 01 01 14
514 01 04 14
515 01 08 14
516 01 11 14
517 01 15 14
518 01 18 14
519 01 22 14
520 01 25 14
521 01 29 14
522 02 01 14
523 02 05 14
524 02 08 14
525 02 12 14
526 02 15 14
527 02 19 14
528 02 22 14
529 02 26 14
530 03 01 14
531 03 05 14
532 03 08 14
533 03 12 14
534 03 15 14
535 03 19 14
536 03 22 14
537 03 26 14
538 03 29 14
539 04 02 14
540 04 05 14
541 04 09 14
542 04 12 14
543 04 16 14
544 04 19 14
545 04 23 14
546 04 26 14
547 04 30 14
548 05 03 14
549 05 07 14
550 05 10 14
551 05 14 14
552 05 17 14
553 05 21 14
554 05 24 14
555 05 28 14
556 05 31 14
557 06 04 14
558 06 07 14
559 06 11 14
560 06 14 14
561 06 18 14
562 06 21 14
563 06 25 14
564 06 28 14
565 07 02 14
566 07 05 14
567 07 09 14
568 07 12 14
569 07 16 14
570 07 19 14
571 07 23 14
572 07 26 14
573 07 30 14
574 08 02 14
575 08 06 14
576 08 09 14
577 08 13 14
578 08 16 14
579 08 20 14
580 08 23 14
581 08 27 14
582 08 30 14
583 09 03 14
584 09 06 14
585 09 10 14
586 09 13 14
587 09 17 14
588 09 20 14
589 09 24 14
590 09 27 14
591 10 01 14
592 10 04 14
593 10 08 14
594 10 11 14
595 10 15 14
596 10 18 14
597 10 22 14
598 10 25 14
599 10 29 14
600 11 01 14
601 11 05 14
602 11 08 14
603 11 12 14
604 11 15 14
605 11 19 14
606 11 22 14
607 11 26 14
608 11 29 14
609 12 03 14
610 12 06 14
611 12 10 14
612 12 13 14
613 12 17 14
614 12 20 14
615 12 24 14
616 12 27 14
617 12 31 14
618 01 03 15
619 01 07 15
620 01 10 15
621 01 14 15
622 01 17 15
623 01 21 15
624 01 24 15
625 01 28 15
626 01 31 15
627 02 04 15
628 02 07 15
629 02 11 15
630 02 14 15
631 02 18 15
632 02 21 15
633 02 25 15
634 02 28 15
635 03 04 15
636 03 07 15
637 03 11 15
638 03 14 15
639 03 18 15
640 03 21 15
641 03 25 15
642 03 28 15
643 04 01 15
644 04 04 15
645 04 08 15
646 04 11 15
647 04 15 15
648 04 18 15
649 04 22 15
650 04 25 15
651 04 29 15
652 05 02 15
653 05 06 15
654 05 09 15
655 05 13 15
656 05 16 15
657 05 20 15
658 05 23 15
659 05 27 15
660 05 30 15
661 06 03 15
662 06 06 15
663 06 10 15
664 06 13 15
665 06 17 15
666 06 20 15
667 06 24 15
668 06 27 15
669 07 01 15
670 07 04 15
671 07 08 15
672 07 11 15
673 07 15 15
674 07 18 15
675 07 22 15
676 07 25 15
677 07 29 15
678 08 01 15
679 08 05 15
680 08 08 15
681 08 12 15
682 08 15 15
683 08 19 15
684 08 22 15
685 08 26 15
686 08 29 15
687 09 02 15
688 09 05 15
689 09 09 15
690 09 12 15
691 09 16 15
692 09 19 15
693 09 23 15
694 09 26 15
695 09 30 15
696 10 03 15
697 10 07 15
698 10 10 15
699 10 14 15
700 10 17 15
701 10 21 15
702 10 24 15
703 10 28 15
704 10 31 15
705 11 04 15
706 11 07 15
707 11 11 15
708 11 14 15
709 11 18 15
710 11 21 15
711 11 25 15
712 11 28 15
713 12 02 15
714 12 05 15
715 12 09 15
716 12 12 15
717 12 16 15
718 12 19 15
719 12 23 15
720 12 26 15
721 12 30 15
722 01 02 16
723 01 06 16
724 01 09 16
725 01 13 16
726 01 16 16
727 01 20 16
728 01 23 16
