1  7  24  30  32  44  18  
2  5  18  20  28  53  27  
3  5  10  22  45  49  37  
4  2  8  9  33  45  5  
5  2  15  39  44  56  15  
6  13  31  41  45  46  21  
7  17  32  42  49  56  11  
8  3  16  20  42  58  7  
9  1  6  44  49  55  36  
10  21  27  28  56  59  21  
11  3  7  13  34  47  30  
12  7  30  33  44  51  10  
13  16  26  29  41  45  1  
14  19  23  27  49  52  21  
15  10  20  23  47  54  26  
16  2  3  16  41  48  19  
17  2  9  33  41  54  14  
18  14  21  50  57  58  7  
19  1  6  48  52  56  9  
20  7  28  35  46  49  20  
21  16  22  26  27  59  5  
22  7  15  28  43  44  20  
23  15  22  30  37  48  12  
24  8  26  30  42  52  15  
25  6  19  36  50  59  13  
26  3  20  38  42  45  27  
27  7  8  12  22  31  18  
28  4  15  32  49  58  21  
29  19  30  32  37  40  37  
30  6  7  31  40  56  38  
31  23  30  31  35  42  6  
32  19  23  34  52  57  21  
33  5  6  12  16  21  7  
34  1  23  42  51  59  20  
35  16  20  22  32  37  9  
36  10  18  23  30  45  2  
37  15  26  27  42  58  37  
38  13  16  20  35  41  6  
39  5  9  37  42  53  27  
40  3  11  18  22  28  33  
41  16  18  24  51  53  16  
42  18  22  26  39  48  17  
43  9  32  38  52  53  15  
44  4  9  22  41  44  14  
45  19  42  50  53  56  39  
46  1  4  20  39  42  2  
47  26  50  51  52  57  37  
48  4  21  26  28  47  37  
49  4  6  16  22  32  11  
50  5  17  33  46  52  9  
51  2  5  38  43  59  8  
52  5  37  39  46  53  8  
53  25  34  41  46  49  29  
54  4  33  37  45  50  11  
55  10  25  32  34  47  5  
56  14  15  26  32  36  12  
57  14  24  31  43  51  27  
58  3  6  20  32  51  23  
59  1  21  23  30  43  11  
60  1  20  37  52  53  33  
61  18  23  36  47  59  36  
62  9  16  27  35  57  29  
63  4  16  18  51  53  23  
64  13  28  38  41  56  25  
65  17  37  40  51  56  25  
66  5  24  25  30  49  23  
67  7  8  20  25  29  11  
68  18  20  34  36  39  19  
69  41  42  52  54  57  30  
70  12  24  48  50  57  22  
71  2  20  21  38  50  22  
72  13  32  45  49  50  30  
73  5  15  25  30  40  6  
74  5  16  25  30  49  39  
75  6  16  34  45  51  4  
76  14  22  38  49  59  16  
77  3  11  26  46  51  23  
78  2  19  26  41  54  23  
79  10  11  14  45  51  17  
80  7  32  37  46  50  26  
81  8  12  14  22  29  22  
82  19  30  32  48  57  14  
83  32  42  50  58  59  31  
84  7  26  36  49  58  4  
85  4  13  18  49  59  5  
86  26  27  28  46  50  21  
87  14  34  37  46  55  37  
88  27  39  41  44  58  17  
89  1  5  12  13  58  21  
90  12  13  14  35  41  29  
91  13  23  25  35  43  15  
92  17  24  39  41  47  21  
93  8  32  49  51  52  23  
94  32  36  37  41  53  30  
95  5  14  38  39  52  6  
96  3  7  23  27  42  37  
97  20  27  29  56  58  31  
98  20  41  44  50  54  22  
99  8  11  15  32  50  27  
100  7  8  23  41  55  23  
101  15  32  43  44  46  19  
102  15  16  20  42  53  17  
103  6  15  20  26  31  9  
104  6  26  35  47  48  21  
105  17  22  36  37  52  24  
106  14  22  52  54  59  4  
107  5  8  29  37  38  34  
108  10  14  30  40  51  1  
109  7  8  19  26  36  15  
110  13  27  37  41  54  32  
111  4  17  35  50  57  12  
112  18  47  51  53  58  30  
113  7  9  14  45  49  23  
114  10  29  33  41  59  15  
115  17  21  37  41  50  1  
116  6  16  20  31  36  8  
117  24  26  45  48  55  8  
118  9  36  39  44  45  9  
119  14  20  24  39  49  7  
120  7  21  32  44  52  10  
121  5  13  17  45  54  12  
122  10  15  31  52  59  4  
123  4  36  40  44  52  33  
124  21  22  49  52  58  34  
125  6  14  32  38  52  20  
126  5  21  22  41  49  15  
127  11  34  41  49  55  20  
128  1  12  53  56  57  5  
129  12  22  25  28  44  24  
130  16  23  25  49  58  20  
131  13  34  40  47  57  11  
132  5  22  34  41  57  31  
133  37  51  52  53  58  38  
134  15  21  23  28  36  20  
135  2  7  29  55  58  27  
136  19  20  40  47  57  29  
137  1  6  10  13  20  32  
138  1  3  24  28  41  10  
139  4  9  14  39  43  38  
140  18  34  40  48  59  25  
141  14  22  27  32  49  5  
142  9  12  13  35  38  30  
143  8  11  18  29  36  6  
144  9  30  31  50  54  39  
145  11  30  45  47  48  10  
146  13  30  32  38  57  25  
147  6  38  43  47  48  27  
148  3  10  14  52  53  3  
149  10  41  44  48  56  4  
150  20  21  27  28  56  4  
151  20  21  23  38  42  6  
152  22  27  35  37  45  3  
153  16  22  30  51  58  25  
154  20  30  38  46  59  27  
155  1  11  20  25  27  2  
156  1  16  17  41  57  15  
157  19  28  30  37  53  36  
158  4  22  26  31  52  30  
159  7  10  22  23  52  29  
160  9  33  36  50  58  31  
161  4  32  33  47  55  39  
162  7  10  12  22  27  26  
163  16  17  29  31  36  23  
164  4  22  27  32  56  13  
165  17  20  21  40  51  19  
166  11  14  22  33  42  38  
167  10  35  39  51  57  20  
168  7  17  20  36  59  33  
169  7  20  21  34  43  34  
170  1  18  37  39  44  13  
171  10  24  36  52  55  15  
172  8  16  27  35  42  30  
173  13  44  51  52  55  30  
174  12  20  30  36  47  25  
175  14  26  37  41  46  24  
176  2  6  32  42  49  35  
177  12  22  32  34  46  2  
178  11  12  15  16  28  11  
179  7  17  20  39  59  17  
180  2  7  16  20  46  34  
181  20  24  25  53  59  15  
182  1  7  27  36  49  39  
183  34  38  39  45  50  33  
184  7  12  23  34  38  33  
185  5  8  11  40  44  10  
186  17  30  48  51  54  29  
187  14  16  53  54  59  5  
188  10  12  38  53  57  1  
189  8  20  21  32  37  4  
190  10  30  37  47  54  39  
191  5  10  11  12  20  2  
192  13  24  27  31  42  22  
193  8  11  25  41  58  16  
194  1  8  10  19  20  23  
195  10  11  18  32  45  18  
196  4  11  19  33  43  14  
197  11  33  44  46  47  12  
198  1  17  38  50  52  24  
199  3  16  18  20  37  30  
200  18  22  37  47  54  36  
201  22  26  32  38  40  7  
202  6  7  26  33  52  24  
203  19  21  23  40  48  27  
204  9  13  22  23  37  31  
205  22  36  51  56  59  32  
206  30  31  34  45  51  23  
207  4  5  36  47  58  6  
208  24  28  45  49  52  2  
209  3  14  33  53  57  36  
210  15  37  41  56  59  5  
211  7  11  39  42  51  30  
212  11  32  36  48  52  19  
213  9  13  21  23  48  24  
214  3  12  34  37  42  36  
215  29  32  36  39  49  29  
216  4  13  17  21  45  10  
217  7  31  50  51  58  6  
218  2  23  31  42  48  21  
219  12  20  28  40  48  8  
220  1  4  12  41  47  3  
221  28  39  40  48  53  9  
222  3  11  20  27  46  8  
223  5  15  26  28  32  9  
224  4  10  11  19  33  27  
225  19  20  42  56  58  37  
226  6  22  34  43  45  23  
227  10  18  41  55  56  15  
228  5  14  32  53  56  11  
229  4  23  39  49  50  39  
230  21  33  44  45  55  7  
231  9  24  34  36  43  27  
232  3  11  47  48  58  19  
233  4  24  40  44  55  5  
234  6  13  15  32  41  3  
235  3  15  27  29  41  24  
236  2  11  27  47  55  15  
237  9  17  32  43  45  31  
238  8  17  18  40  44  16  
239  7  12  13  42  49  16  
240  2  8  40  49  50  36  
241  4  23  31  42  50  23  
242  12  20  43  51  55  11  
243  8  18  38  46  56  31  
244  17  19  39  41  58  21  
245  14  37  44  45  53  29  
246  16  18  27  36  50  8  
247  19  20  38  41  43  29  
248  12  21  22  38  41  18  
249  12  15  19  46  59  12  
250  18  36  39  41  57  12  
251  24  30  45  57  59  26  
252  1  11  18  29  51  32  
253  11  15  24  50  55  8  
254  1  9  11  23  31  6  
255  8  18  19  32  54  8  
256  24  28  48  50  54  25  
257  1  4  38  40  42  17  
258  1  7  27  38  48  30  
259  38  40  41  51  59  33  
260  20  40  41  47  55  19  
261  13  19  21  28  49  11  
262  25  30  54  57  59  6  
263  11  18  36  41  46  38  
264  9  12  35  50  58  4  
265  18  28  31  48  52  37  
266  2  17  23  28  47  36  
267  9  13  47  49  53  39  
268  2  12  25  54  58  14  
269  13  19  35  47  57  29  
270  15  25  52  53  54  2  
271  3  5  18  27  54  13  
272  4  19  22  32  53  24  
273  16  41  42  50  59  5  
274  6  20  22  32  43  11  
275  12  47  48  52  55  13  
276  3  4  12  27  44  26  
277  30  41  50  51  53  8  
278  1  12  23  27  43  31  
279  7  20  43  46  54  17  
280  3  27  35  37  45  31  
281  10  12  23  43  47  18  
282  5  10  24  38  43  1  
283  16  26  35  52  58  2  
284  3  8  23  30  58  13  
285  1  18  21  39  55  6  
286  11  16  40  51  56  38  
287  12  14  34  39  46  36  
288  2  33  39  40  43  26  
289  5  35  57  58  59  12  
290  4  35  36  51  56  8  
291  13  22  25  39  51  28  
292  9  16  17  28  30  11  
293  4  30  35  57  59  25  
294  20  37  39  45  55  28  
295  2  6  34  35  47  22  
296  5  18  33  43  45  8  
297  3  14  20  39  40  37  
298  4  19  33  41  59  9  
299  2  24  46  52  56  19  
300  13  28  49  51  59  33  
301  10  13  15  31  54  18  
302  14  16  30  51  52  19  
303  16  21  27  41  45  14  
304  5  23  25  28  40  34  
305  21  35  46  47  50  2  
306  3  21  24  38  39  24  
307  5  19  29  45  47  25  
308  10  30  36  38  41  1  
309  6  29  34  44  50  28  
310  12  24  43  44  45  7  
311  4  19  28  29  47  5  
312  5  33  41  54  59  13  
313  8  13  17  34  59  35  
314  15  23  43  45  56  7  
315  17  28  38  39  51  33  
316  1  10  37  52  57  11  
317  11  12  32  52  56  11  
318  23  28  50  56  59  5  
319  7  16  17  39  51  32  
320  6  11  42  53  54  7  
321  1  4  11  23  26  14  
322  29  30  45  47  49  35  
323  12  35  45  46  47  12  
324  5  14  17  20  41  5  
325  1  8  41  46  59  24  
326  11  14  49  55  58  30  
327  32  43  53  55  56  6  
328  1  15  35  37  47  8  
329  11  16  29  50  58  33  
330  5  14  36  54  58  27  
331  1  24  33  45  49  6  
332  5  13  17  20  30  18  
333  16  23  42  44  47  2  
334  14  15  16  19  24  2  
335  20  22  39  46  49  29  
336  6  8  20  42  51  16  
337  4  25  29  34  43  29  
338  31  39  40  57  58  33  
339  7  8  33  38  50  29  
340  9  12  20  44  59  23  
341  1  7  11  55  56  1  
342  10  24  35  53  58  22  
343  3  7  21  28  43  2  
344  8  13  35  46  51  30  
345  4  7  26  53  59  32  
346  13  14  41  49  59  14  
347  9  10  24  52  56  14  
348  9  10  17  29  45  33  
349  19  30  33  48  59  27  
350  18  22  45  56  57  27  
351  7  10  14  33  57  18  
352  8  14  15  16  27  26  
353  11  17  29  56  57  14  
354  1  3  41  44  53  30  
355  6  34  40  46  58  6  
356  7  15  20  41  44  22  
357  14  19  35  39  56  33  
358  3  5  29  39  59  29  
359  5  22  36  49  55  23  
360  4  16  32  37  46  13  
361  2  5  20  23  57  3  
362  9  31  38  54  56  20  
363  3  14  35  38  46  16  
364  5  6  13  36  50  13  
365  3  16  48  56  58  4  
366  19  30  48  53  55  18  
367  3  7  11  15  28  12  
368  4  13  39  46  51  1  
369  6  27  46  51  56  21  
370  14  26  41  55  59  1  
371  22  29  31  47  55  19  
372  1  6  7  20  49  23  
373  25  28  49  54  56  28  
374  8  11  21  44  49  22  
375  4  19  26  42  51  29  
376  6  20  34  44  48  29  
377  24  33  36  48  56  6  
378  3  20  26  43  48  1  
379  1  5  8  39  50  23  
380  2  16  18  40  42  33  
381  13  26  39  41  42  10  
382  14  18  28  29  57  8  
383  17  23  36  55  59  10  
384  15  26  34  36  59  35  
385  18  26  29  35  43  28  
386  2  5  25  26  49  18  
387  1  7  10  23  42  35  
388  4  21  28  31  44  10  
389  3  18  21  23  50  4  
390  22  32  34  36  56  33  
391  1  27  31  45  48  5  
392  4  7  9  30  54  25  
393  32  34  45  52  58  20  
394  32  42  50  54  55  32  
395  8  10  30  44  58  13  
396  3  15  27  58  59  20  
397  8  18  24  30  39  26  
398  22  32  37  44  50  34  
399  5  16  22  23  29  6  
400  3  10  19  36  46  3  
401  13  17  19  27  38  12  
402  7  23  26  40  53  21  
403  8  10  25  36  44  28  
404  15  23  40  44  55  14  
405  5  8  20  23  30  3  
406  1  18  35  39  44  11  
407  11  13  23  43  54  4  
408  36  46  50  52  55  14  
409  18  20  28  35  53  20  
410  26  30  49  51  54  25  
411  11  13  20  27  59  26  
412  10  14  21  23  47  7  
413  9  21  28  32  51  35  
414  8  28  29  34  38  35  
415  11  12  24  43  45  9  
416  3  22  26  41  49  18  
417  14  16  32  47  52  16  
418  11  16  33  40  41  34  
419  5  27  36  38  41  12  
420  5  6  16  36  58  3  
421  12  23  25  27  43  29  
422  15  16  46  50  58  29  
423  3  17  19  25  32  17  
424  2  5  31  39  41  29  
425  3  14  20  34  48  21  
426  3  8  13  41  56  16  
427  6  10  23  41  45  1  
428  10  37  40  46  52  12  
429  5  9  28  32  38  29  
430  3  7  21  44  53  16  
431  13  14  17  43  54  15  
432  17  29  31  52  53  31  
433  7  37  43  48  52  16  
434  11  23  26  46  55  27  
435  1  6  8  12  35  3  
436  4  7  8  29  39  24  
437  1  36  40  52  53  20  
438  10  12  31  56  57  33  
439  13  18  36  48  58  28  
440  6  8  30  39  48  20  
441  9  19  31  56  59  2  
442  3  23  48  54  55  5  
443  22  26  31  54  55  18  
444  7  12  26  36  40  17  
445  21  22  26  30  57  27  
446  6  13  19  23  43  16  
447  2  11  26  34  41  32  
448  10  13  14  22  52  11  
449  9  31  35  41  57  26  
450  2  6  19  21  27  25  
451  9  14  17  49  57  2  
452  22  28  33  53  59  14  
453  4  26  33  36  55  32  
454  2  11  22  26  32  19  
455  16  22  23  42  55  32  
456  28  36  40  48  55  1  
457  7  46  47  52  57  17  
458  13  19  23  33  57  28  
459  1  18  33  39  46  33  
460  8  28  30  53  56  16  
461  3  6  29  40  51  4  
462  2  13  35  36  52  11  
463  30  31  45  55  59  27  
464  2  8  22  35  37  6  
465  1  22  34  38  42  17  
466  14  25  27  38  58  6  
467  9  29  40  44  54  7  
468  9  23  40  53  58  6  
469  8  24  39  49  59  5  
470  21  24  36  42  45  15  
471  5  25  30  58  59  32  
472  4  12  14  37  58  13  
473  4  11  17  43  51  20  
474  18  21  46  54  56  23  
475  30  40  42  46  48  23  
476  12  17  25  45  59  19  
477  6  7  9  19  32  13  
478  2  7  25  40  56  20  
479  2  9  26  45  47  11  
480  2  19  22  26  45  24  
481  11  19  33  42  52  33  
482  1  17  25  37  44  20  
483  7  10  22  32  35  19  
484  12  17  45  54  58  13  
485  2  7  17  49  53  23  
486  14  47  52  53  54  5  
487  4  6  25  42  51  17  
488  11  12  17  39  40  5  
489  3  9  19  33  38  18  
490  8  10  26  57  58  4  
491  3  26  28  34  42  28  
492  9  33  54  56  57  5  
493  3  23  31  34  47  13  
494  4  6  34  49  56  29  
495  2  36  40  49  54  10  
496  13  23  24  27  40  17  
497  1  5  10  15  49  22  
498  3  9  37  49  56  32  
499  5  31  50  55  56  9  
500  10  29  37  44  59  10  
501  4  18  23  32  45  7  
502  5  12  43  52  55  10  
503  18  25  50  55  57  17  
504  5  26  44  45  57  29  
505  6  9  11  31  44  25  
506  13  20  32  45  48  17  
507  1  10  13  18  19  27  
508  14  25  32  33  41  34  
509  7  24  37  39  40  1  
510  25  36  40  45  51  8  
511  23  28  38  39  56  32  
512  8  35  44  51  56  18  
513  15  24  40  48  52  23  
514  19  20  37  41  58  14  
515  10  28  39  47  58  22  
516  10  15  33  48  54  34  
517  7  8  9  24  29  25  
518  13  14  19  31  38  25  
519  1  2  7  9  55  29  
520  8  12  18  55  57  2  
521  11  23  28  32  47  20  
522  5  12  15  27  38  7  
523  8  17  32  57  59  24  
524  24  25  34  37  54  29  
525  36  44  49  52  57  1  
526  2  9  14  21  23  3  
527  1  17  35  49  54  34  
528  2  3  13  14  54  4  
529  11  12  17  38  42  2  
530  3  8  25  30  47  13  
531  3  7  9  26  54  19  
532  10  14  24  32  41  30  
533  14  15  28  37  54  10  
534  2  5  34  51  58  9  
535  2  19  23  34  43  14  
536  13  28  31  55  58  15  
537  28  33  41  44  59  21  
538  2  3  12  27  38  17  
539  8  13  19  22  53  24  
540  11  21  26  33  34  29  
541  9  14  44  48  49  29  
542  14  26  45  54  55  20  
543  34  39  42  44  59  8  
544  5  6  29  35  51  21  
545  19  25  29  36  48  12  
546  3  7  22  30  33  20  
547  2  9  11  19  50  32  
548  5  15  16  46  49  26  
549  17  29  31  48  49  34  
550  4  31  41  47  55  1  
551  7  33  39  52  55  33  
552  23  32  39  47  49  22  
553  4  20  34  39  58  31  
554  15  16  28  49  55  18  
555  2  24  28  32  59  25  
556  15  27  31  34  48  1  
557  1  7  10  22  49  24  
558  28  30  35  58  59  15  
559  14  18  25  33  49  23  
560  9  33  42  45  54  30  
561  6  9  29  52  59  7  
562  5  6  37  41  54  26  
563  10  20  25  50  53  35  
564  8  12  34  43  56  9  
565  8  18  45  53  58  35  
566  24  34  36  57  58  11  
567  9  25  42  55  57  14  
568  2  3  7  23  51  26  
569  5  15  18  26  32  35  
570  10  17  25  45  53  9  
571  4  10  12  22  31  3  
572  24  28  30  38  39  16  
573  13  30  42  49  53  29  
574  12  26  44  46  47  29  
575  1  8  24  28  49  24  
576  3  12  31  34  51  24  
577  8  37  39  40  52  24  
578  7  8  17  48  59  9  
579  4  8  21  38  40  3  
580  28  32  35  36  52  31  
581  17  24  26  45  46  19  
582  5  28  31  52  59  27  
583  2  16  43  45  51  35  
584  9  29  31  43  50  18  
585  2  14  39  40  43  13  
586  1  6  16  37  53  27  
587  18  25  36  48  50  23  
588  22  23  30  37  39  16  
589  7  14  21  24  41  26  
590  2  11  35  52  54  13  
591  1  4  18  20  45  7  
592  13  18  24  25  33  31  
593  5  16  31  46  50  18  
594  10  19  37  38  39  28  
595  5  7  19  27  28  20  
596  20  26  27  36  54  19  
597  29  30  40  42  50  16  
598  6  10  51  54  57  12  
599  25  28  48  57  59  16  
600  1  3  13  25  38  17  
601  2  11  19  21  42  34  
602  9  19  33  38  54  15  
603  37  39  51  52  55  11  
604  13  16  33  35  51  28  
605  6  36  38  48  51  17  
606  23  49  53  54  57  35  
607  16  17  22  46  54  35  
608  13  24  30  42  48  27  
609  25  30  32  46  54  26  
610  12  15  22  43  49  14  
611  34  44  48  54  55  10  
612  5  13  28  43  55  33  
613  22  31  38  47  48  15  
614  14  15  19  31  56  5  
615  11  12  46  47  50  22  
616  7  10  11  14  36  15  
617  17  27  37  40  53  35  
618  4  18  43  46  55  25  
619  14  15  47  49  59  10  
620  2  9  19  28  29  19  
621  2  4  10  41  53  22  
622  15  16  23  27  36  9  
623  11  12  15  28  57  23  
624  16  19  20  29  33  10  
625  12  24  35  36  49  1  
626  5  11  16  26  50  34  
627  24  36  51  52  56  22  
628  5  10  21  34  58  33  
629  11  13  25  39  54  19  
630  1  24  44  45  51  28  
631  1  9  29  32  49  22  
632  10  14  18  34  51  26  
633  17  19  21  32  39  8  
634  11  17  25  28  46  12  
635  8  12  15  35  50  32  
636  34  36  38  42  50  33  
637  11  24  31  40  44  27  
638  8  14  39  46  47  18  
639  14  25  30  33  47  8  
640  11  16  30  38  42  7  
641  7  19  23  50  54  14  
642  2  4  6  12  38  17  
643  2  30  33  39  44  1  
644  33  39  40  41  54  28  
645  1  19  45  46  58  29  
646  1  12  32  42  58  12  
647  1  16  21  29  40  30  
648  13  22  23  29  31  17  
649  10  14  25  39  53  18  
650  21  33  35  38  45  12  
651  1  26  34  38  51  6  
652  2  6  11  30  31  33  
653  23  24  27  39  41  30  
654  4  15  17  35  58  17  
655  1  25  29  31  47  7  
656  24  29  38  48  52  32  
657  1  12  28  35  44  25  
658  9  15  17  31  43  16  
659  8  15  34  53  59  23  
660  8  9  25  56  57  22  
661  6  8  13  37  40  11  
662  8  13  18  27  43  15  
663  31  32  48  49  53  25  
664  29  41  48  52  54  29  
665  20  21  22  41  54  7  
666  9  10  16  20  57  15  
667  3  5  10  22  32  7  
668  18  28  35  46  49  27  
669  7  24  26  31  41  25  
670  3  6  14  18  24  21  
671  4  15  25  27  30  18  
672  11  39  46  52  54  3  
673  13  16  34  45  50  11  
674  6  37  39  45  55  33  
675  12  31  43  44  57  11  
676  27  29  34  41  44  2  
677  4  22  27  28  52  35  
678  7  13  24  49  57  15  
679  9  11  14  16  42  19  
680  9  34  48  52  54  15  
681  8  13  29  38  52  28  
682  3  13  17  42  52  24  
683  6  8  43  48  50  7  
684  4  12  14  21  55  7  
685  2  22  32  45  56  12  
686  18  21  25  28  29  16  
687  17  22  30  46  56  16  
688  10  16  18  29  45  19  
689  44  45  47  50  51  8  
690  2  3  13  16  35  27  
691  5  7  24  31  39  7  
692  12  17  26  43  48  24  
693  8  29  41  51  58  5  
694  23  31  42  50  57  5  
695  21  39  40  55  59  17  
696  6  26  33  44  46  4  
697  18  30  40  48  52  9  
698  12  27  29  43  68  1  
699  15  20  29  31  40  1  
700  48  49  57  62  69  19  
701  30  32  42  56  57  11  
702  20  31  56  60  64  2  
703  4  54  56  62  63  10  
704  9  20  25  47  68  7  
705  2  12  17  20  65  17  
706  7  16  25  50  53  15  
707  4  26  32  55  64  18  
708  14  22  37  45  66  5  
709  17  40  41  46  69  6  
710  37  47  50  52  57  21  
711  16  29  53  58  69  21  
712  2  6  47  66  67  2  
713  14  18  19  32  64  9  
714  13  27  33  47  68  13  
715  7  10  16  46  56  1  
716  2  14  19  30  62  22  
717  9  10  32  42  55  6  
718  28  30  41  59  68  10  
719  16  38  55  63  67  25  
720  27  40  44  59  65  20  
721  12  36  38  54  61  22  
722  5  6  15  29  42  10  
723  2  11  47  62  63  17  
724  16  19  32  34  57  13  
725  4  8  19  27  34  10  
726  3  51  52  61  64  6  
727  5  39  44  47  69  24  
728  22  32  34  40  69  19  
